
Upper bound 1577 after 1 search tree nodes
MaschineNo   1 :  161  91 111 123 131 194 175  84  56  66  36  78  26   8  18 160  50 150 110 190 
MaschineNo   2 :   51 151 141 173 112   3 127  85  16  35 197 187 168  48 108  70 140  80 100  30 
MaschineNo   3 :  121 172 162  71 181  53  22 195 144 155  33  92  65 113  86 105 137  49  19  10 
MaschineNo   4 :  191  81  21  13  63  72   2 132 176 146 104 158  57  95  45 188 129  39 118 170 
MaschineNo   5 :   31  12  82 153 163 174 125  74 183 103   6  25  93  44 147 198 138 115  69  60 
MaschineNo   6 :  171  61 152 142 193 124  14 101  32 166  43 133  24  76 185  96  88  59   9 120 
MaschineNo   7 :    1  42  62  83 164 126  54 102 145 184 134  17 178 159  37  97  79 200 119  29 
MaschineNo   8 :  192 154  23  75   5 167 135 177  94  67 114  46  58  38 149  89 109 189 130  20 
MaschineNo   9 :   11  52 143 165 182   4 156  34 128  77 106 136  68  47 199  27 117  98  90 180 
MaschineNo  10 :   41 122  64  73  15 196  55 157 186   7  87 148 107 116 139 169  28  99 179  40 

Upper bound 1454 after 1 search tree nodes
MaschineNo   1 :  161  91 111 131 123  56 194 175  84   8  26  66  36  78  18 150 160 190 110  50 
MaschineNo   2 :   51 151 141   3 112 173 127  35  85  16 197 187 168 108  48  70 140 100  80  30 
MaschineNo   3 :   71 121  53 172 162 181  22 195 144 155  33  92  65 113  86 105  10 137  19  49 
MaschineNo   4 :   81   2  72 191  21  13  63 132  57 104 176 146  45  95 158 129 188  39 118 170 
MaschineNo   5 :   31  12  82 153  74 174 163   6 125 103 183  25  93  44 147  60 115 198 138  69 
MaschineNo   6 :  171  61 152 142 101 193 124  14  32  76  24 166 185  43 133  59  96  88   9 120 
MaschineNo   7 :    1  42  62  54  83 102 164 126 145 184 134 178  17  97  37 159  79 119  29 200 
MaschineNo   8 :  192 154  75   5  58  23 177  94 167 114  67 135  46 149  89  38 189 109 130  20 
MaschineNo   9 :   11  52   4 143 182 165  34 156  77 128 106  27  68 136  47 117  98 199  90 180 
MaschineNo  10 :   41  73 122  55  64   7  15 196 186 157  87 148 107  28 116 179 139  99 169  40 

Upper bound 1450 after 8 search tree nodes
MaschineNo   1 :  131  91 111 161 123  56  84  26 194 175  36  66   8  78  18 150 110 160  50 190 
MaschineNo   2 :   51 151 141 112 173   3  85  35 140  16  30 197 168 127 187 108  70  48  80 100 
MaschineNo   3 :   71 121  53  22 172 137 162 181 144  33  92 195 155  65 113  86 105  19  10  49 
MaschineNo   4 :   21 191 132  72  81  13  63   2  57 146 176  95 104 158  45  39 188 129 118 170 
MaschineNo   5 :   31  12  82 138  25 174 163 153  74 125 183  93   6 103 147  44 198 115  69  60 
MaschineNo   6 :   61 171 152  32 133 142 101  24 124 193  14  43  76 166 185  96  59  88   9 120 
MaschineNo   7 :   42  62   1 134  54 102  83 164 145  29 184 126  17  37  97 178 159  79 119 200 
MaschineNo   8 :  135  23 192   5 154  75  58  94 167  67 114 177  46 149  38  89 109  20 189 130 
MaschineNo   9 :   11  52 136 143   4 182  34  27 165 156  77 106  68 199 128  47 117  98  90 180 
MaschineNo  10 :   41 122  73  55 139  64  15  28 196   7 157 186  87 148 107 116 169 179  99  40 

Upper bound 1448 after 16 search tree nodes
MaschineNo   1 :  131  91 111 161 123  56  84 194  26 175  66  36  78  18 150   8 110  50 160 190 
MaschineNo   2 :   51 151 141 112 173   3  85  35 140 197  16 127 187 168 108  48  80  70 100  30 
MaschineNo   3 :   71 121  53  22 172 162 144  33 137 181 195 155  65 113  86  92 105  19  49  10 
MaschineNo   4 :   21 191 132  72  81  13  63   2  57 146 176  45 104  95 158 188 129  39 118 170 
MaschineNo   5 :   31  12  82 153  25 174 138 163  74 183 125  44   6 147  93 103 198 115  69  60 
MaschineNo   6 :   61 171 152  32 133 142 101  24 193  14 124  43  76 185 166  96  88  59   9 120 
MaschineNo   7 :    1  42  62 134  54 102  83 164 145 184 126  17  37  79 178  97 159 119  29 200 
MaschineNo   8 :  135  23 192 154   5  75 114  67  94 177 149  46 167  58  38 109  89 189  20 130 
MaschineNo   9 :   11  52 143 136   4  34 182 156 165  77  68  27 106 128  47 199 117  98  90 180 
MaschineNo  10 :   41 122  73  55  64 139 196  15 157 186 148  87   7 107  28 116 169  99 179  40 

Upper bound 1447 after 25 search tree nodes
MaschineNo   1 :  131  91 111 161 123  56  84 194  26  66 175  36  18   8  78 150  50 110 160 190 
MaschineNo   2 :   51 141 151 112 173   3  85  35  16 140 127 197 168 187  48 108  70  80  30 100 
MaschineNo   3 :  121  71  53  22 172 144  33 137 162 181  65 195 155 113  92  86 105  19  10  49 
MaschineNo   4 :   21 191 132  72  81  13  63   2  57  45 146 176  95 104 158 188  39 129 118 170 
MaschineNo   5 :   31  12  82 153  25 174 138 163  44  74 125 183   6 103  93 147 115 198  69  60 
MaschineNo   6 :   61 171 142  32 133 152 101  24 193  43  14 124  76 166  96 185  88   9  59 120 
MaschineNo   7 :    1  42  62 134  54 102  83 164 145 126  17 184  37  97 178 159  79  29 119 200 
MaschineNo   8 :  135  23 192 154   5  46  67  75 114  94 167 177 149  58  38  89 109 189  20 130 
MaschineNo   9 :   11  52 143 136  34   4 182 156 165  77  47 106  27  68 128 199  98 117 180  90 
MaschineNo  10 :   41 122  73  55  64 139  15 196 157   7  87 148 186 116 107  28 179 169  99  40 

Upper bound 1446 after 28 search tree nodes
MaschineNo   1 :  131  91 111 161 123  56  84 194  26  50  66  18 175  36  78 110 160   8 150 190 
MaschineNo   2 :   51 141 151 112 173   3  85  48  16  35 197 140 168 108 187 127  70  80  30 100 
MaschineNo   3 :   71 121  53  22 172 137 162 144  33 181 195  49 155  65  86 113  19 105  92  10 
MaschineNo   4 :  191  21 132  81  72  13  45   2  63  57 158 104 146 176  95 188 170  39 118 129 
MaschineNo   5 :   31  12  44  82 153 138  25 174 163  74 125 183 103   6 198 115  93 147  69  60 
MaschineNo   6 :   61 171  43 142 133 152 193  24  14  32 101 124  76 185 166  88  96  59   9 120 
MaschineNo   7 :   42  62   1 134  54  83 102 164  17 184 126 145  29 159  37  79 178  97 119 200 
MaschineNo   8 :  192 135  23 154  46   5  75  67 114 167  20  89  94 109 177 149  58  38 189 130 
MaschineNo   9 :   11  52 136 143  47   4  34 182 156 165  27 106  77  68 199  90 128 117  98 180 
MaschineNo  10 :   41 122  73  55 139  15  64 196 157  87 186  28 107 169 148   7 116 179  99  40 

Upper bound 1445 after 30 search tree nodes
MaschineNo   1 :  131  91 111 161 123  56 194  26  84 175  66  36   8  78  18 150 160 110  50 190 
MaschineNo   2 :   51 151 141 112 173   3  35  16  85 197 140 127 168 187  70 108  48  80 100  30 
MaschineNo   3 :   71 121  53  22 172 137 162 155 144  33 195 181  65 113  92  86 105  10  19  49 
MaschineNo   4 :  191  21 132  81  72  13  63   2  57  45 146 176  95 104 158 129 188  39 118 170 
MaschineNo   5 :   31  12  82 153 138  25 174 163  44  74 125   6 183 147  93 103 115 198  69  60 
MaschineNo   6 :   61 171 152  32 133 193  43  24 142  14 124 101  76 185 166  96   9  88  59 120 
MaschineNo   7 :    1  42  62 134  54  83 164 145 102 126 184  17  37  97 178 159  79 119  29 200 
MaschineNo   8 :  192 135  23 154   5  75  46 114  67  94 167 177 149  58  38  89 109 189  20 130 
MaschineNo   9 :   11  52 136 143   4  34 182 156 165  77  27  68 106 128  98  47 117 199 180  90 
MaschineNo  10 :   41 122  73  55 139  64  15 196 157   7 148 186  87  28 116 107 179  99 169  40 

Upper bound 1444 after 36 search tree nodes
MaschineNo   1 :  131  91 111 161 123  56 194  26  84  36  66  18 175   8  78 160 110 150  50 190 
MaschineNo   2 :   51 151 141 112 173   3  35  16  85 197 140 127 108 168 187  48  70  80 100  30 
MaschineNo   3 :   71 121  53  22 172 137 162 155 144  33 195 181  65 113  86  92 105  19  10  49 
MaschineNo   4 :  191  21 132  81  72  13  63   2  57  45 104 158  95 146 176 129 118 188  39 170 
MaschineNo   5 :   31  12  82 153 138  25 174 163  44  74 125   6 103 183  93 115 147 198  69  60 
MaschineNo   6 :   61 171 152  32 133 193  43  24 142  14 124 101  76  88 185  96 166   9  59 120 
MaschineNo   7 :    1  42  62 134  54  83 164 102  17 126 184 145 159  37  97  79 178 119  29 200 
MaschineNo   8 :  192 135  23 154   5  75  46 114  67  94  20  89 167 109 177 149  58  38 189 130 
MaschineNo   9 :   11  52 136 143   4  34 182 156 165  27 106  77  68  47 128  98 117 199  90 180 
MaschineNo  10 :   41 122  73  55 139  64  15 196 157  87   7 107 186 148  28 116 169  99 179  40 

Upper bound 1443 after 37 search tree nodes
MaschineNo   1 :  131  91 111 161 123  56 194  26  84  36  66  18 175  78   8  50 160 110 150 190 
MaschineNo   2 :   51 151 141 112 173   3  35  16  85 197  48 127 140 108 168 187  80  70 100  30 
MaschineNo   3 :   71 121  53  22 172 137 162 155 144  33 195 181  65 113  92 105  86  49  19  10 
MaschineNo   4 :  191  21 132  81  72  13  63  45   2  57 104 158 146 176  95 188 118 129  39 170 
MaschineNo   5 :   31  12  44  82 153 138  25 174 163  74 125   6 103 183  93 198 115 147  69  60 
MaschineNo   6 :   61 171 152  32 133  43 193  24 142  14 124 101  76 166 185  88  96   9  59 120 
MaschineNo   7 :   42  62   1 134  54  83 164 102  17 126 184 145 159  37 200  79 178  97 119  29 
MaschineNo   8 :  192 135  23 154  46   5  75 114  67  94  20 167  89 109 177 149  58  38 189 130 
MaschineNo   9 :   11  52 136 143   4  34  47 182 156 165 106  77 199  27  68 128 117  90  98 180 
MaschineNo  10 :   41 122  73  55 139  64  15 196 157   7  87 107 186 148 116  28 169 179  99  40 

Upper bound 1442 after 49 search tree nodes
MaschineNo   1 :  131  91 111 161 123  56  84 194  26 175  66  36  18   8  78 150  50 160 110 190 
MaschineNo   2 :   51 151 141 112  35 173   3  85 197  16 127 168  70 187  48 108 140  80 100  30 
MaschineNo   3 :   71 121  53  22  33 172 137 162 144 181 195 155 113  65  92  86 105  19  49  10 
MaschineNo   4 :   21 191 132  72  81  13  63   2  45  57 104 146 176  95 118 158 129 188  39 170 
MaschineNo   5 :   31  12  44 103  82 153  25 174 138 163 125  74   6 183 115  93 147  69 198  60 
MaschineNo   6 :   61  43 101  32 152 133 171 142  24 193 124  14  76 166 185  96  88 120  59   9 
MaschineNo   7 :   42  62 102   1 134  54  83 164 145 126  17 184  37 119  97 178 159  79  29 200 
MaschineNo   8 :  135  23 192 154   5  75 114  67 167  94 177  46 149  58 130  38 109  89 189  20 
MaschineNo   9 :   11  52 136  34 143   4 182 156 165  68 106 117  77 128  47  27 199  98 180  90 
MaschineNo  10 :   41 122  73  55  64 139 196  15 157   7  87 116 148 186 107 179  28 169  99  40 

Upper bound 1441 after 61 search tree nodes
MaschineNo   1 :  131  91 111 161 123  56  84 194  26  66 175  36  18  78   8 110 150 160  50 190 
MaschineNo   2 :   51 151 141 112 173   3  85  35  16 140 197 127 108 168 187 100  48  80  70  30 
MaschineNo   3 :   71 121  53  22 172 137 181 162  33  65 195  92 155 113 105  86 144  19  10  49 
MaschineNo   4 :   21 191 132  72  81  13  63   2 104  57 176  95  45 146 158 129 118 188  39 170 
MaschineNo   5 :   31  12 103  82  74  25 138 174 163 153   6 183 125  93  44 198 115 147  69  60 
MaschineNo   6 :   61 101 152  32 133 171  43  24 193  14 142 124  76 166 185  96  88   9  59 120 
MaschineNo   7 :    1  42  62 102 134  54  83 164  17 184 126  37 145  97  79 178 159  29 119 200 
MaschineNo   8 :  135  23 192   5 154  75  67  94 114 167 177  89 109  46  20 149  58  38 189 130 
MaschineNo   9 :   11  52 136 182   4  34 143  27 165 156 106  77  68  98 128  47 117 199  90 180 
MaschineNo  10 :   41 122  73  55  64 139  15 196   7  28 157  87 107 186  99 148 116 169 179  40 

Upper bound 1440 after 79 search tree nodes
MaschineNo   1 :  131  91 111 161 123  56  84 194  26  66 175  36  18   8  50 110  78 150 160 190 
MaschineNo   2 :   51 141 151 112 173   3  85  16  35 140 197  48 168 108 127 187  70 100  80  30 
MaschineNo   3 :   71 121  53  22 172 137 181 162  33  65 195  92 155 113 105 144  86  49  19  10 
MaschineNo   4 :   21 191 132  72  81  13  63   2 104  57  45  95 176 146 158 118 188  39 129 170 
MaschineNo   5 :   31  12 103  82  74  25 138 174 163 153   6 183  44 125  93 198 115 147  69  60 
MaschineNo   6 :   61 101  32 142 133 171 152  24 193  14 124  43 166 185  96  88  76   9 120  59 
MaschineNo   7 :    1  42  62 102 134  54  83 164  17 184 126 145  37  97 178 159 200 119  79  29 
MaschineNo   8 :  135  23 192   5 154  67  94  46 114 167  75 177  89 109  20 149  58  38 189 130 
MaschineNo   9 :   11  52 136 182   4 143  34  27 165 156 106  47  68 199  77 117  98 128  90 180 
MaschineNo  10 :   41 122  73  55  64 139  15 196   7  28 157  87 107 186 148 116 179  99 169  40 

Upper bound 1438 after 88 search tree nodes
MaschineNo   1 :  131  91 111 161 123  56  84  26 194  66 175  36  18  78   8  50 150 160 110 190 
MaschineNo   2 :   51 141 151 112 173   3  85  35  16 140 197 127  48 168 187 108  80  70 100  30 
MaschineNo   3 :   71 121  53  22  33 172 181 137 162  65 144 195 113 155  92  86 105  19  49  10 
MaschineNo   4 :   21 191 132  72  81  13  63   2  45  57 146 176  95 104 158 129 188  39 118 170 
MaschineNo   5 :   31  12  44  82  74  25 174 138 163 153 183   6 125 147  93 103 115 198  69  60 
MaschineNo   6 :   61 101  43  32 133 171 152  24 142 193  14 124  76 166  96 185  88  59   9 120 
MaschineNo   7 :   42  62   1 134  54 102  83 164 145  17 184 126  37  97  79 178 159  29 119 200 
MaschineNo   8 :  135  23 192   5 154  67  75 114  46  94 177 167 149  58  89  38  20 109 189 130 
MaschineNo   9 :   11  52 136 182   4 143  34  27 165 156  77  47 106  68 128  98 199 117  90 180 
MaschineNo  10 :   41 122  73  55  64 139  15 196   7  28 157 148  87 186 107 169 116  99 179  40 

Upper bound 1429 after 88 search tree nodes
MaschineNo   1 :   91 111 131 123 161  56  84  26 175 194  36  66  78   8  18 160 150 110  50 190 
MaschineNo   2 :   51 151 141 112 173   3  85 140  35  16 127 197 187 168 108  48  70 100  80  30 
MaschineNo   3 :   71 121  53  22 172 137 162 155 181 144  33  92  86 195  65 113 105  19  10  49 
MaschineNo   4 :   21  72  81 191 132  13  63   2  57 158 146 176  95 104  45 129 188  39 118 170 
MaschineNo   5 :   31  12  82 153  74 138  25 174 163 125   6 103 183  93  44 147  60 115 198  69 
MaschineNo   6 :   61 171 152 142 101 133  32  24 124  43 193  14  76  59 166 185  96  88   9 120 
MaschineNo   7 :    1  42  62  54 134  83 102 164 145 126 184  17  37  97 159 178  79 119  29 200 
MaschineNo   8 :   23  75 135 154 192   5  58  94 167 114  67 177  46  38 149  89 109 189 130  20 
MaschineNo   9 :   11  52 143 136   4 156  27 182  34 165  77 128 106  68  98  47 117 199  90 180 
MaschineNo  10 :   41  73 122  55 139  64 157  28  15   7 196 186  87 148 107 116  99 169 179  40 

Upper bound 1422 after 95 search tree nodes
MaschineNo   1 :  131  91 111 161 123  56  84 194  26 175  66  36  18  78   8 160 150 110  50 190 
MaschineNo   2 :   51 151 141 112 173  85   3  16 140  35 197 127 187 168 108  48  70  80 100  30 
MaschineNo   3 :   71 121  53  22 172 137 162 155 181  33  65 195  86 144  92 113 105  19  10  49 
MaschineNo   4 :  191  21  72  81 132  13  63   2  57 158 176 146  95 104  45 188  39 129 118 170 
MaschineNo   5 :   31  12  82 153 138  25 174 163  74 125 183   6 103  44  93 198 147  60 115  69 
MaschineNo   6 :   61 171 152 193 133  32  43  24 101  14 124 142  76  59 185  96 166  88   9 120 
MaschineNo   7 :    1  42  62  54 134  83 102 164 126  17 145 184  37 159  97 178  79  29 119 200 
MaschineNo   8 :  192  23 135 154  58   5  75  67  94 177 114 167  46  38 149  89 109 189  20 130 
MaschineNo   9 :   11  52 136 156   4 182  34 143  27 165  77  68 106 128  47  98 199 117 180  90 
MaschineNo  10 :   41 122  73  55 139  64  15 157 196  28  87   7 186 148 107 179 116  99 169  40 

Upper bound 1417 after 98 search tree nodes
MaschineNo   1 :  131 111  91 161 123  56  84 194  26  36   8 175  66  78  18 160  50 150 110 190 
MaschineNo   2 :   51 141 151 112  35   3  85 140 173  48 127  16 197 168 187  70 108  80 100  30 
MaschineNo   3 :   71 121  53  33 144  22 137 162 155 172 181 195  92  65 113  86  49 105  19  10 
MaschineNo   4 :   21  81  72 191 132  13  63   2 146  57  45 158  95  39 176 104 129 118 188 170 
MaschineNo   5 :   31  12  74  82 153  44 138  25 163 125   6 147 174  93 183 103 115 198  69  60 
MaschineNo   6 :   61 171 142 152  32  43 133 193  24 124  14 101  76 166  96 185  88  59   9 120 
MaschineNo   7 :    1  42  62  54 134 145  83 164 126 102  37 159 184  17  97  79 178 119  29 200 
MaschineNo   8 :   75 192 135  23 154   5  46  58  94 167  38 114  67 149 177  89 130 109 189  20 
MaschineNo   9 :   11  52 143  34 136   4 156  47 165 182  77 128  27  68 106 117  98 199  90 180 
MaschineNo  10 :   41  73 122  55 139  64 157   7  15 196 148  87 186  28 116 169 107  99 179  40 

Upper bound 1416 after 99 search tree nodes
MaschineNo   1 :  131 111  91 161 123  56  84 194 175  26  36  66   8  78  18  50 150 160 110 190 
MaschineNo   2 :   51 141 151 112  35 173   3  85 140  16  48 197 127 168 187 108 100  70  80  30 
MaschineNo   3 :   71 121  53  33 144 172  22 137 162 155 181 195  92  65 113  86  49 105  19  10 
MaschineNo   4 :   21  81  72 191 132  13  63   2 146  57  45 176 158  95 104  39 188 129 118 170 
MaschineNo   5 :   31  12  74  82 153  44 174 138 163  25   6 125 147  93 183 103 198  60 115  69 
MaschineNo   6 :   61 171 142 152  32  43 133 193  14  24 124 101  76  59 166 185  96  88   9 120 
MaschineNo   7 :    1  42  62  54 134 145  83 164  17 102 126 184 178  37  97 159  79  29 119 200 
MaschineNo   8 :   75 192 135 154  23   5  46  58 177  94  67 167 114  38 149  89 109 189  20 130 
MaschineNo   9 :   11  52 143  34 136   4 156  47 182 165  77  27 106  68 128  98 199 117  90 180 
MaschineNo  10 :   41  73 122  55  64 139  15 157 196   7 148 186  87 107  28 116  99 169 179  40 

Upper bound 1415 after 107 search tree nodes
MaschineNo   1 :  131  91 111 161 123  56  84 194 175  26  66  36  78   8  18 150 160 110  50 190 
MaschineNo   2 :   51 141 151 112 173   3  85  35 140  16 127 197 168 108 187  48  70 100  80  30 
MaschineNo   3 :   71 121  53  22 144 172 155 137 162  33  65 195  92 181 113  86 105  19  10  49 
MaschineNo   4 :   81  21  72 191 132  13  63   2 146  57  45 176  95 104 158 129  39 188 118 170 
MaschineNo   5 :   31  12  82  74 153  44 174 138 163  25 125   6  93 103 147 183 115 198  69  60 
MaschineNo   6 :   61 171 142 152  32  43 133 101 193  14  24 124  76 166  96  59  88 185   9 120 
MaschineNo   7 :    1  42  62  54 134 145  83 102 164 126  17  97 184 178  37 159  79  29 119 200 
MaschineNo   8 :   75 192 154 135  23   5  58  46  94 177 167 114  67 149  38  89 109 130  20 189 
MaschineNo   9 :   11  52 143 136 156   4  34 165  77 182  27 106 128  98  68  47 199 117  90 180 
MaschineNo  10 :   41  73 122  55  64 139 157  15 196   7  87 148  28 107 186 116  99 179 169  40 

Upper bound 1413 after 123 search tree nodes
MaschineNo   1 :  111 131  91 123 161  84  56  26  36  78 175 194  18  66  50   8 110 190 150 160 
MaschineNo   2 :   51   3 141 151 112  35  85 173 140  16 127  48 187 108 197 168  80 100  70  30 
MaschineNo   3 :   71 121  53  22 181  33 162 137 172 105  86 144  92  65 113 155 195  49  19  10 
MaschineNo   4 :   81   2  72  21 132 191  13  63  57 104  45  95 176 146 188 158 129 118  39 170 
MaschineNo   5 :   31  82  74  12 103   6  25 138 163 183 125 174  44  93 153 147 115 198  69  60 
MaschineNo   6 :   61 101 171  32  76 133  24 124 142 193  14  43 152 185 166  96  88  59   9 120 
MaschineNo   7 :    1  42  83 102  54  62 134 164 145 184 126  17  97  37  79 178 159 119  29 200 
MaschineNo   8 :   75   5  23 135 192  58  94  46 154 167 114 177  67 109 189 149  38  89  20 130 
MaschineNo   9 :   11  52   4  77  34 136 182 143 106 165  27  47 156 128  98  68 117 199 180  90 
MaschineNo  10 :   41  73 122  55  64 139   7  15 186  87 107 196 157 148  99 116  28 179 169  40 

Upper bound 1409 after 138 search tree nodes
MaschineNo   1 :  111 131  91 123 161  84 175  56 194  26  36   8  66  50  78 150  18 110 160 190 
MaschineNo   2 :   51 141   3 151 173 112  85  35 140 108 127  48  16 197 187 168  80 100  70  30 
MaschineNo   3 :   71 121 172  53  22 137  33 162 105 181 144  92 195 155 113  65  86  49  10  19 
MaschineNo   4 :   81   2 191 132  21  72  13 104 176  63 146  45  95  57  39 129 158 188 118 170 
MaschineNo   5 :   31  12  82 103 174  74 138 153   6 163  25  44 125  93 183 147 115 198  60  69 
MaschineNo   6 :  171 101  32  61 133 142 152  43  24 193 124  76  14  96 185 166  59   9  88 120 
MaschineNo   7 :    1  42 102  83 134  54  62 164 145 178 126 184  37  97  17  79 159  29 119 200 
MaschineNo   8 :  192   5 135  23  75 154 177  94  46 114  58  38 167 149  67 130 109  89 189  20 
MaschineNo   9 :   11  52   4 136  34 143 106 182 165 156  47  77 128  27  98  68 199 117 180  90 
MaschineNo  10 :   41 122  73  55 139   7 107  64 196  15 148 186 157  87 179 116  28  99 169  40 

Upper bound 1407 after 158 search tree nodes
MaschineNo   1 :  131 161  91 111 123  84 194  56  26  36  50 175  66  78   8  18 110 150 160 190 
MaschineNo   2 :  151  51 141  35 112  85 140   3 108 173  48  16 127 197 187 168  80 100  70  30 
MaschineNo   3 :   71 121  33  53 137  22 162 105 181 172 144  65  49 195  92 155 113  86  19  10 
MaschineNo   4 :   81 132 191  21  72 104  13  63   2  45  57 146  39 176  95 158 129 188 118 170 
MaschineNo   5 :   31  82 103  12 138 153  74  25  44 163 125 174   6  93 183 147 198 115  60  69 
MaschineNo   6 :  101 152 133  32  61 171 193  24  43 142 124  14  76 166  59 185  96  88   9 120 
MaschineNo   7 :   42 102 134  83  54  62   1 164 145 126  37  17 184  79 178  97 159 200 119  29 
MaschineNo   8 :  135 192  23  75 154 109  46   5  58  38  94 114 177  67 167 149  89 189  20 130 
MaschineNo   9 :   11  52 136  34 106 143   4  47 182 165  77 156 128 199  68  98  27 117  90 180 
MaschineNo  10 :   41 122  73  55 139 107  64  15   7 196  87 157 186 148 179 116  99 169  28  40 

Upper bound 1405 after 161 search tree nodes
MaschineNo   1 :  131 161  91 111 123  84 194  56  26  36  50 175  66  78   8  18 110 150 160 190 
MaschineNo   2 :  151  51 141  35 112  85 140   3 108 173  48  16 127 197 187 168  80 100  70  30 
MaschineNo   3 :   71 121  33  53 137  22 162 105 181 172 144  65  49 195  92 155 113  86  19  10 
MaschineNo   4 :   81 132 191  21  72 104  13  63   2  45  57 146  39  95 176 129 158 188 118 170 
MaschineNo   5 :   31  82 103  12 138 153  44 163  25  74 125 174   6  93 183 147 198 115  60  69 
MaschineNo   6 :  101 152  32 133  61 171 193  43  24 142 124  14  76  59 166 185  96  88   9 120 
MaschineNo   7 :   42 102   1 134  83  54  62 164 145 126  37  17 184  79  97 178 159  29 119 200 
MaschineNo   8 :  135 192  23 154  46   5  75  58 109  38  94 114  67 177 167  89 149 130 189  20 
MaschineNo   9 :   11  52 136  34 106 143   4  47 182  27 165  77 128 156 199  68  98 117  90 180 
MaschineNo  10 :   41 122  73  55 139 107  64  15   7 196  28  87 186 157 148 116 179  99 169  40 

Upper bound 1404 after 163 search tree nodes
MaschineNo   1 :  131 161  91 111 123  84 194  56  26  36  50 175  66  78   8  18 110 150 160 190 
MaschineNo   2 :  151  51 141  35 112  85 140   3 108 173  48  16 127 197 187 168  80 100  70  30 
MaschineNo   3 :   71 121  33  53 137  22 162 105 181 172 144  65  49 195  92 155 113  86  19  10 
MaschineNo   4 :   81 132 191  21  72 104  13  63   2  45  57 146  39 176  95 158 129 188 118 170 
MaschineNo   5 :   31  82 103  12 138 153  74  25  44 163 125 174   6  93 183 147 198 115  60  69 
MaschineNo   6 :  101 152  32 133  61 171 193  24  43 142 124  14  76  59 166 185  96  88   9 120 
MaschineNo   7 :   42 102   1 134  83  54  62 164 145 126  37  17 184  79 178  97 159  29 119 200 
MaschineNo   8 :  135 192  23  75 154 109  46   5  58  38  94 114 177  67 167  89 149 130 189  20 
MaschineNo   9 :   11  52 136  34 106 143   4  47 182  27  77 165 156 128 199  68  98 117 180  90 
MaschineNo  10 :   41 122  73  55 139 107  64  15   7 196  28  87 186 157 148 179 116  99 169  40 

Upper bound 1402 after 163 search tree nodes
MaschineNo   1 :  131 161  91 111 123  84 194  56  26  36  50 175  66  78   8  18 110 150 160 190 
MaschineNo   2 :  151  51 141  35 112  85 140   3 108 173  48  16 127 197 187 168  80 100  70  30 
MaschineNo   3 :   71 121  33  53 137  22 162 105 181 172 144  65  49 195  92 155 113  86  19  10 
MaschineNo   4 :   81 132 191  21  72 104  13  63   2  45  57 146  39 176  95 129 158 188 118 170 
MaschineNo   5 :   31  82 103  12 138 153  74  25  44 163 125 174   6  93 183 147 198 115  60  69 
MaschineNo   6 :  101 152  32 133  61 171 193  24  43 142 124  14  76  59 166 185  96  88   9 120 
MaschineNo   7 :   42 102   1 134  83  54  62 164 145 126  37  17 184  79 178  97 200 159 119  29 
MaschineNo   8 :  135 192  23  75 154 109  46   5  58  38  94 114 177  67 167 149  89 130 189  20 
MaschineNo   9 :   11  52 136  34 106 143   4  47  27 182  77 165 128 156 199  68  98 117  90 180 
MaschineNo  10 :   41 122  73  55 139 107  64  15  28   7 196  87 148 186 157 179 116  99 169  40 

Upper bound 1395 after 201 search tree nodes
MaschineNo   1 :  131 161  91 123 111  84 194  56  26  36  50 175  66  78   8  18 110 150 160 190 
MaschineNo   2 :  151  51 141  35 112  85 108   3 173  48  16 127 140 197 168 187  80  70 100  30 
MaschineNo   3 :  121  71  33  53 137  22 162 105 181 172 144 195  86  49  92  65 113 155  19  10 
MaschineNo   4 :   81 132 191  21  72  13 104  63  45   2  57 146  95 176  39 129 158 188 118 170 
MaschineNo   5 :   31  82  12 103 138 153  44 163  25  74 125 174   6  93 183 147 115 198  69  60 
MaschineNo   6 :  101 152 133  32  61 171 193  43  24 142 124  14  76 166  96 185  88  59   9 120 
MaschineNo   7 :   42 102 134  83  54  62   1 164 145 126  17  37 184  79  97 178 159  29 119 200 
MaschineNo   8 :  135 192  23 154 109  46  75   5  58  94 167  38  67 114 177  89 149 130 189  20 
MaschineNo   9 :   11  52 136  34 106 143  47   4  27 182 165  77 128 156  68  98 199 117  90 180 
MaschineNo  10 :   41 122  73  55 139 107  64  15  28   7 196  87 186 157 148 116 169  99 179  40 

Upper bound 1392 after 202 search tree nodes
MaschineNo   1 :  131 161  91 123 111  84 194  56  26  36  50 175  66  78   8  18 110 150 160 190 
MaschineNo   2 :  151  51 141  35 112  85 108   3 173  48  16 127 168 197 187 140  80  70 100  30 
MaschineNo   3 :  121  71  33  53 137  22 162 105 181 172 144 195  86  49  92  65 113 155  19  10 
MaschineNo   4 :   81 132 191  21  72  13 104  45  63   2  57 146  95 176 129 158 188 118  39 170 
MaschineNo   5 :   31  82  12 103 138 153  44 163  25  74 125 174   6  93 183 147 115 198  69  60 
MaschineNo   6 :  101 152 133  32  61 171 193  43  24 142 124  14  76 166  96 185  88  59   9 120 
MaschineNo   7 :   42 102 134  83  54  62   1 164 145 126  17 184  37  79  97 178 159  29 119 200 
MaschineNo   8 :  135 192  23 154  46 109  75   5  58  94 167  67 114 177  38  89 149 130 189  20 
MaschineNo   9 :   11  52 136  34 106  47 143   4  27 182 165  77 128 156  68  98 117 199  90 180 
MaschineNo  10 :   41 122  73  55 139 107  64  15  28   7 196  87 186 157 148 116 169  99 179  40 

Upper bound 1389 after 209 search tree nodes
MaschineNo   1 :  131  91 111 161 123  84 194  56  26  36  50 175  78  66   8  18 110 160 150 190 
MaschineNo   2 :   51 151 141  35 112   3  85 108 140 173  48  16 127 197 168 187  80 100  30  70 
MaschineNo   3 :   71 121  33  53 137  22 105 162 181 172 144  86 155 195  49  92  65 113  19  10 
MaschineNo   4 :   81 191 132  21  72 104   2  13  63  45  57 146  39 176  95 158 129 188 118 170 
MaschineNo   5 :   31  82  12 103 138 153  44  74  25 163   6 125 174 183  93 147  60 198 115  69 
MaschineNo   6 :  101 171  32 152 133  61 193  43  24 142 124  14  76  59  88 166 185  96   9 120 
MaschineNo   7 :    1 102  42 134  83  54  62 164 145 126  37  17 184  79  97 159 178  29 119 200 
MaschineNo   8 :  192 135  23   5  75 154 109  46  58  38  94  89 167  67 177 114 130 149 189  20 
MaschineNo   9 :   11  52  34 136 106   4 143 182  47 165  77 156  27 128  90 199  98  68 117 180 
MaschineNo  10 :   41 122  73 139  55 107  64   7  15  87 196  40 157 186  28 148 169  99 116 179 

Upper bound 1385 after 210 search tree nodes
MaschineNo   1 :  131  91 111 123 161  84 194  56  26  36  50 175  78  66   8  18 110 160 150 190 
MaschineNo   2 :   51 151 141  35 112   3  85 140 108 173  48  16 168 197 127 187  80 100  30  70 
MaschineNo   3 :  121  71  33  53 137  22 105 181 162 172 144  86 195  49  92 155  65 113  19  10 
MaschineNo   4 :   81 191 132  21 104  72   2  13  63  45  57 146  39 176  95 158 188 118 129 170 
MaschineNo   5 :   31  82 103  12 138 153  44  74  25 163   6 183 125 174  93 147  60 198 115  69 
MaschineNo   6 :  101 171  32 152 133  61 193  43  24 142 124  14  76 166  88 185  59  96   9 120 
MaschineNo   7 :   42 102   1  83 134  54  62 164 145 184  37 126  17  79  97 159 178  29 119 200 
MaschineNo   8 :  192 135  23   5  75 154 109  46  58  38 167  94  89  67 177 114 149  20 189 130 
MaschineNo   9 :   11  52  34 136 106   4 182 143  47 165  77 156  27  68 199  98 128 117  90 180 
MaschineNo  10 :   41 122 139  73  55 107  64   7  15  87 196 186 157  28  40 148 169  99 116 179 

Upper bound 1382 after 214 search tree nodes
MaschineNo   1 :  131  91 111 161 123  84 194  56  26  36  50 175  78  66  18   8 110 150 160 190 
MaschineNo   2 :   51 151 141  35 112   3  85 140 108 173  48  16 168 197 187 127  80 100  30  70 
MaschineNo   3 :  121  71  33  53 137  22 105 181 162 172 144  86 195  49 155  92  65 113  19  10 
MaschineNo   4 :   81 191 132  21  72 104   2  13  63  45  57 146  39 176  95 158 188 170 118 129 
MaschineNo   5 :   31  82  12 103 138  74  44 153  25 163   6 183 174 125 147  93 198  60 115  69 
MaschineNo   6 :  101 171  32 152 133  61 193  43  24 142  14 124  76 166 185  88  59  96   9 120 
MaschineNo   7 :    1  42 102 134  83  54  62 164 145 184  37 126  17  79  97 178 159  29 119 200 
MaschineNo   8 :  192 135  23   5  75 154 109  46  58  38 167  89  94  67 177 114 149  20 189 130 
MaschineNo   9 :   11  52  34 136 106   4 182 143  47 165  77 156  27  90  68 199  98 128 117 180 
MaschineNo  10 :   41 122  73 139  55 107  64   7  15  87 196 148 186 157 169  28 179 116  99  40 

Upper bound 1380 after 215 search tree nodes
MaschineNo   1 :  131  91 111 161 123  84 194  56  26  36  50 175  78  66  18   8 110 150 160 190 
MaschineNo   2 :   51 151 141  35 112   3  85 140 108 173  48  16 168 197 187 127  80 100  30  70 
MaschineNo   3 :  121  71  33  53 137  22 105 181 162 172 144  86 195  49 155  92  65 113  19  10 
MaschineNo   4 :   81 191 132  21 104  72   2  13  63  45  57 146  39  95 176 158 188 170 118 129 
MaschineNo   5 :   31  82 103  12 138 153  74  44  25 163   6 183 125 174 147  93 198  60 115  69 
MaschineNo   6 :  101 171  32 152 133  61 193  43  24 142 124  14  76 166 185  88  96  59   9 120 
MaschineNo   7 :    1  42 102 134  83  54  62 164 145 184  37 126  17  79  97 178 159  29 119 200 
MaschineNo   8 :  192 135  23   5  75 154 109  46  58  38 167  94  89  67 177 114 149  20 189 130 
MaschineNo   9 :   11  52  34 136 106   4 182 143  47 165  77 156  27  90  68 199  98 128 117 180 
MaschineNo  10 :   41 122  73  55 139 107  64   7  15  87 196 148 186 157 169  28 179 116  99  40 

Upper bound 1379 after 219 search tree nodes
MaschineNo   1 :  131 111 123  91 161  84 194  56  26  36  50 175  78  66   8  18 110 150 160 190 
MaschineNo   2 :  151  51 141  35 112  85 140   3 108 173  48  16 197 127 187 168  80 100  30  70 
MaschineNo   3 :  121  71  33  53 137  22 105 181 162 172 144  86 195  49  92  65 155 113  19  10 
MaschineNo   4 :   81 132 191  21  72 104  13  63   2  45  57 146  39  95 176 158 188 129 118 170 
MaschineNo   5 :   31  82 103  12 138 153  74  44  25 163 183   6 174 125  93 147 198  60 115  69 
MaschineNo   6 :  101 152 133  32  61 171 193  43  24 142  14 124  76 166  88 185  96  59   9 120 
MaschineNo   7 :   42 102 134  83  54  62   1 164 145 184  37 126  17  79  97 178 159  29 119 200 
MaschineNo   8 :  135 192  23 154  75  46   5  58 109  38  94  89 167  67 177 114 149  20 189 130 
MaschineNo   9 :   11  52 136  34 106 182 143   4  47 165  77  27 156 199 128  98  68 117  90 180 
MaschineNo  10 :   41 122  73  55 139 107  64  15   7  87 196  28 186 148 157  40  99 179 116 169 

Upper bound 1377 after 226 search tree nodes
MaschineNo   1 :  131  91 111 123 161  84 194  56  26  36  50 175  78  66  18   8 110 160 150 190 
MaschineNo   2 :  151  51 141  35 112  85 140 108  48   3 173  16 127 187 168 197  80 100  30  70 
MaschineNo   3 :  121  71  33  53 137  22 181 105 162 172  86 144 155  49  92  65 113 195  19  10 
MaschineNo   4 :   81 132 191  21  72  13 104  45  63   2  57 146  39  95 158 176 188 129 118 170 
MaschineNo   5 :   31  82  12 103  44 138 153  25 163  74 183 174 125   6  93 147 115  60 198  69 
MaschineNo   6 :   32 152 133  61 101  43 193  24 171 142  14 124  76  88 185  96 166  59   9 120 
MaschineNo   7 :   42 134  83 102  54  62   1 164 145 184  37 126  17  79  97 159 178  29 119 200 
MaschineNo   8 :  135 192  23  46 154 109  75  58   5  38  94  89 114 167  67 177 149  20 189 130 
MaschineNo   9 :   11  52 136  34 106 182  47 143   4  27 156  77 165  90 128  68 117  98 199 180 
MaschineNo  10 :   41 122  73  55 139 107  64  15  87  28 157   7 186 196 148 116 169  99 179  40 

Upper bound 1376 after 227 search tree nodes
MaschineNo   1 :  131  91 111 123 161  84 194  56  26  36  50 175  78  66  18   8 110 160 150 190 
MaschineNo   2 :  151  51 141  35 112  85  48 108   3 173  16 140 127 187 168 197  80 100  30  70 
MaschineNo   3 :  121  71  33  53 137  22 181 105 162 172  86 144 155  49  92  65 113 195  19  10 
MaschineNo   4 :   81 132 191  21  72  45 104  13  63   2  57 146  39  95 158 176 188 129 118 170 
MaschineNo   5 :   31  82  12  44 103 138 153  25 163  74 183 174 125   6  93 147 115  60 198  69 
MaschineNo   6 :   32 152 133 101  61  43 193  24 171 142  14 124  76  88 185  96 166  59   9 120 
MaschineNo   7 :   42 134  83 102  54  62   1 164 145 184  37 126  17  79  97 159 178  29 119 200 
MaschineNo   8 :  135 192  23  46 154 109  75  58   5  38  94  89 114 167  67 177 149  20 189 130 
MaschineNo   9 :   11  52 136  34  47 106 182 143   4  27 156  77 165  90 128  68 117  98 199 180 
MaschineNo  10 :   41 122  73  55 139 107  64  15  87  28 157   7 186 196 148 116 169  99 179  40 

Upper bound 1375 after 238 search tree nodes
MaschineNo   1 :  131  91 111 123 161  84 194  56  26  36  50  78 175  66 110  18   8 150 160 190 
MaschineNo   2 :  151  51 141  35 112  85 140 108  48   3 173 197  16 127 168 187  80  70 100  30 
MaschineNo   3 :  121  71  33  53 137  22 162 105 181 172 195 144  49  92 113  65  86 155  19  10 
MaschineNo   4 :   81 132 191  21  72  13 104  45  63   2  57 146  95 176  39 158 118 129 188 170 
MaschineNo   5 :   31  82  12 103 138 153  44 163  25  74 125   6 174 183  93 147 115 198  69  60 
MaschineNo   6 :   61 152 133  32 101 142 193  43  24 171 124  76  14  59 166  96 185  88   9 120 
MaschineNo   7 :   42   1 134  83 102  54  62 164 145 126  37  79 184  17  97 178 159 119  29 200 
MaschineNo   8 :  135 192  23 154  46 109  75   5  58 114  94 167  67  38 177 149  89  20 189 130 
MaschineNo   9 :   11  52 136  34 143 106  47 182   4  27  77 165 156  68 128 117  98 199  90 180 
MaschineNo  10 :   41 122  73  55 139 107  64 196   7  15  28  87 148 157 186 116 169 179  99  40 

Upper bound 1373 after 247 search tree nodes
MaschineNo   1 :  131  91 111 123 161  84 194  56  26  36  50  78 175 110  66  18   8 150 160 190 
MaschineNo   2 :  151  51 141  35 112  85   3 108 173  48 140 197  16 127 168 187  80 100  70  30 
MaschineNo   3 :  121  71  33  53 137  22 162 105 181 172 144 195  86  49  92 155 113  65  19  10 
MaschineNo   4 :   81 132 191  21  72  13 104   2  63  45  57 146  95  39 176 158 118 129 188 170 
MaschineNo   5 :   31  82  12 103 153 138  44 163  25  74 183   6 125 174  93 198 147 115  60  69 
MaschineNo   6 :   61 152 133  32 101 142 193  43  24 171 124  76  14 185  59  88 166  96   9 120 
MaschineNo   7 :   42   1 134  83 102  54  62 164 145 184  37 126  79  17 200  97 178 159 119  29 
MaschineNo   8 :  135 192  23 154   5 109  46  75  58  94  38 114  89 167 177  67 149  20 189 130 
MaschineNo   9 :   11  52 136  34 143 106   4 182  47  27  77 165 156 199  90 128 117  98  68 180 
MaschineNo  10 :   41 122  73  55 139 107  64   7 196  87  15 186 157 148 116  28 169  99 179  40 

Upper bound 1372 after 247 search tree nodes
MaschineNo   1 :  131  91 111 123 161  84 194  56  26  36  50  78 175 110  66  18   8 150 160 190 
MaschineNo   2 :  151  51 141  35 112  85   3 140 108 173  48  16 127 197 168 187  80 100  70  30 
MaschineNo   3 :  121  71  33  53 137  22 162 105 181 172 144  86 195  49  92 113 155  65  19  10 
MaschineNo   4 :   81 132 191  21  72  13 104   2  63  45  57 146  39  95 176 158 118 129 188 170 
MaschineNo   5 :   31  82  12 103 138  74  44 163  25 153 183   6 174 125  93 147 115 198  60  69 
MaschineNo   6 :   61 152 133  32 101 142 193  43  24 171  76 124  14  88 166  96 185  59   9 120 
MaschineNo   7 :    1  42 134  83 102  54  62 164 145 184  37 126  79  17  97 178 159 119  29 200 
MaschineNo   8 :  135 192  23  75   5  46 154  58 109  38  94 114  89 167 149 177  67  20 189 130 
MaschineNo   9 :   11  52 136  34 143 106   4 182  47  77 165  27 156 128  90  98 117  68 199 180 
MaschineNo  10 :   41 122  73  55 139 107  64   7  87  15 196 148 157 186  28 116 169  99 179  40 

Upper bound 1368 after 253 search tree nodes
MaschineNo   1 :  131  91 111 123 161  84 194  56  26  36  50  78  66 175 110  18   8 150 160 190 
MaschineNo   2 :  151  51 141  35 112  85   3 108 140  48 173 197  16 168 127 187  80 100  70  30 
MaschineNo   3 :  121  71  33  53 137  22 181 105 162 172 144  86 195  49 113  65  92 155  19  10 
MaschineNo   4 :   81 132 191  21  72  13 104   2  63  45  57 146  95 176 118  39 158 188 129 170 
MaschineNo   5 :   31  82  12 103 138  74  44  25 163 183   6 153 125 174 147  93 115 198  60  69 
MaschineNo   6 :   61 152 133  32 101 142 193  43  24 171  76 124  14  88 166 185  59  96 120   9 
MaschineNo   7 :   42   1 134  83 102  54  62 164 145 184  37 126  79  17  97 119 178 159  29 200 
MaschineNo   8 :  135 192  23  75   5 109  46  58 154 114  89 167  94  67 149  38 177  20 189 130 
MaschineNo   9 :   11  52 136  34 143 106   4 182  47  77 165  27  90 156 117  68  98 128 199 180 
MaschineNo  10 :   41 122  73  55 139 107  64   7  87 196  15 148 186 116 157 169  28  99 179  40 

Upper bound 1366 after 265 search tree nodes
MaschineNo   1 :  131 111  91 161 123  84 194  56  26  36  50 175  78  66  18   8 160 150 110 190 
MaschineNo   2 :   51 151 141 112   3  35  85 140 173  48  16 197 127 168 187 108  80  70  30 100 
MaschineNo   3 :   71 121  53  33  22 137 181 162 172 144 105  86 155  49 195  92  65 113  19  10 
MaschineNo   4 :   81 191 132  21  72   2  13  63  45 104  57 146  39  95 158 176 188 118 129 170 
MaschineNo   5 :   31  82  12 103  44 138 153  25 163   6  74 183 174 125  93 147 198 115  60  69 
MaschineNo   6 :  101  61 152 133  32  43 193 142  24 171  14 124  76  88 185  96 166  59   9 120 
MaschineNo   7 :    1  42 102  83 134  54  62 164 145 184  37  17 126  79 159  97 178  29 119 200 
MaschineNo   8 :  192 135  23   5 154  46  75  58  38  94  89 114 167  67 177 149  20 109 189 130 
MaschineNo   9 :   11  52 136  34   4 143 182  47  27 106 156  77 165  90 199  68  98 117 128 180 
MaschineNo  10 :   41 122  73  55 139  64   7  15  87 196 157 186 148 107  28 116 169 179  99  40 

Upper bound 1365 after 294 search tree nodes
MaschineNo   1 :  131  91 111 123 161  84 194  56  26  36  66  78 175  18   8 150  50 160 110 190 
